
[WARNING] Value for puzzle should ideally be 3 or 4.

[Begin Solution]

[Program inputs]
ALGORITHM => A*
GAME => 35 puzzle
INPUT FILE => /Users/prasoon/Documents/books/AI/AI Assignment 1/test/in_4.txt
OUTPUT FILE => /Users/prasoon/Documents/books/AI/AI Assignment 1/test/out_4.txt
INITIAL STATE: 
[[8, 7, 1, 11, 4, 6], [9, 3, 2, 0, 5, 12], [13, 10, 15, 16, 23, 18], [25, 14, 27, 17, 21, 24], [20, 19, 26, 22, 28, 30], [31, 32, 33, 34, 29, 35]]
FINAL STATE:
[[1, 2, 3, 4, 5, 6], [7, 8, 9, 10, 11, 12], [13, 14, 15, 16, 17, 18], [19, 20, 21, 22, 23, 24], [25, 26, 27, 28, 29, 30], [31, 32, 33, 34, 35, 0]]
HEURISTIC:  Manhattan_Distance
MOVES: 
L L L U R R D R U L D L D D D L U R D R U U U L L U R R R R D L L D R D R U L L D R D R D R 
PATH LENGTH: 47
NODES EXPANDED: 173244
EXECUTION TIME: 83 seconds
TRAVERSED STATES: 
8 7 1 11 4 6 

9 3 2 0 5 12 

13 10 15 16 23 18 

25 14 27 17 21 24 

20 19 26 22 28 30 

31 32 33 34 29 35 

  |    
  V    
8 7 1 11 4 6 

9 3 0 2 5 12 

13 10 15 16 23 18 

25 14 27 17 21 24 

20 19 26 22 28 30 

31 32 33 34 29 35 

  |    
  V    
8 7 1 11 4 6 

9 0 3 2 5 12 

13 10 15 16 23 18 

25 14 27 17 21 24 

20 19 26 22 28 30 

31 32 33 34 29 35 

  |    
  V    
8 7 1 11 4 6 

0 9 3 2 5 12 

13 10 15 16 23 18 

25 14 27 17 21 24 

20 19 26 22 28 30 

31 32 33 34 29 35 

  |    
  V    
0 7 1 11 4 6 

8 9 3 2 5 12 

13 10 15 16 23 18 

25 14 27 17 21 24 

20 19 26 22 28 30 

31 32 33 34 29 35 

  |    
  V    
7 0 1 11 4 6 

8 9 3 2 5 12 

13 10 15 16 23 18 

25 14 27 17 21 24 

20 19 26 22 28 30 

31 32 33 34 29 35 

  |    
  V    
7 1 0 11 4 6 

8 9 3 2 5 12 

13 10 15 16 23 18 

25 14 27 17 21 24 

20 19 26 22 28 30 

31 32 33 34 29 35 

  |    
  V    
7 1 3 11 4 6 

8 9 0 2 5 12 

13 10 15 16 23 18 

25 14 27 17 21 24 

20 19 26 22 28 30 

31 32 33 34 29 35 

  |    
  V    
7 1 3 11 4 6 

8 9 2 0 5 12 

13 10 15 16 23 18 

25 14 27 17 21 24 

20 19 26 22 28 30 

31 32 33 34 29 35 

  |    
  V    
7 1 3 0 4 6 

8 9 2 11 5 12 

13 10 15 16 23 18 

25 14 27 17 21 24 

20 19 26 22 28 30 

31 32 33 34 29 35 

  |    
  V    
7 1 0 3 4 6 

8 9 2 11 5 12 

13 10 15 16 23 18 

25 14 27 17 21 24 

20 19 26 22 28 30 

31 32 33 34 29 35 

  |    
  V    
7 1 2 3 4 6 

8 9 0 11 5 12 

13 10 15 16 23 18 

25 14 27 17 21 24 

20 19 26 22 28 30 

31 32 33 34 29 35 

  |    
  V    
7 1 2 3 4 6 

8 0 9 11 5 12 

13 10 15 16 23 18 

25 14 27 17 21 24 

20 19 26 22 28 30 

31 32 33 34 29 35 

  |    
  V    
7 1 2 3 4 6 

8 10 9 11 5 12 

13 0 15 16 23 18 

25 14 27 17 21 24 

20 19 26 22 28 30 

31 32 33 34 29 35 

  |    
  V    
7 1 2 3 4 6 

8 10 9 11 5 12 

13 14 15 16 23 18 

25 0 27 17 21 24 

20 19 26 22 28 30 

31 32 33 34 29 35 

  |    
  V    
7 1 2 3 4 6 

8 10 9 11 5 12 

13 14 15 16 23 18 

25 19 27 17 21 24 

20 0 26 22 28 30 

31 32 33 34 29 35 

  |    
  V    
7 1 2 3 4 6 

8 10 9 11 5 12 

13 14 15 16 23 18 

25 19 27 17 21 24 

0 20 26 22 28 30 

31 32 33 34 29 35 

  |    
  V    
7 1 2 3 4 6 

8 10 9 11 5 12 

13 14 15 16 23 18 

0 19 27 17 21 24 

25 20 26 22 28 30 

31 32 33 34 29 35 

  |    
  V    
7 1 2 3 4 6 

8 10 9 11 5 12 

13 14 15 16 23 18 

19 0 27 17 21 24 

25 20 26 22 28 30 

31 32 33 34 29 35 

  |    
  V    
7 1 2 3 4 6 

8 10 9 11 5 12 

13 14 15 16 23 18 

19 20 27 17 21 24 

25 0 26 22 28 30 

31 32 33 34 29 35 

  |    
  V    
7 1 2 3 4 6 

8 10 9 11 5 12 

13 14 15 16 23 18 

19 20 27 17 21 24 

25 26 0 22 28 30 

31 32 33 34 29 35 

  |    
  V    
7 1 2 3 4 6 

8 10 9 11 5 12 

13 14 15 16 23 18 

19 20 0 17 21 24 

25 26 27 22 28 30 

31 32 33 34 29 35 

  |    
  V    
7 1 2 3 4 6 

8 10 9 11 5 12 

13 14 0 16 23 18 

19 20 15 17 21 24 

25 26 27 22 28 30 

31 32 33 34 29 35 

  |    
  V    
7 1 2 3 4 6 

8 10 0 11 5 12 

13 14 9 16 23 18 

19 20 15 17 21 24 

25 26 27 22 28 30 

31 32 33 34 29 35 

  |    
  V    
7 1 2 3 4 6 

8 0 10 11 5 12 

13 14 9 16 23 18 

19 20 15 17 21 24 

25 26 27 22 28 30 

31 32 33 34 29 35 

  |    
  V    
7 1 2 3 4 6 

0 8 10 11 5 12 

13 14 9 16 23 18 

19 20 15 17 21 24 

25 26 27 22 28 30 

31 32 33 34 29 35 

  |    
  V    
0 1 2 3 4 6 

7 8 10 11 5 12 

13 14 9 16 23 18 

19 20 15 17 21 24 

25 26 27 22 28 30 

31 32 33 34 29 35 

  |    
  V    
1 0 2 3 4 6 

7 8 10 11 5 12 

13 14 9 16 23 18 

19 20 15 17 21 24 

25 26 27 22 28 30 

31 32 33 34 29 35 

  |    
  V    
1 2 0 3 4 6 

7 8 10 11 5 12 

13 14 9 16 23 18 

19 20 15 17 21 24 

25 26 27 22 28 30 

31 32 33 34 29 35 

  |    
  V    
1 2 3 0 4 6 

7 8 10 11 5 12 

13 14 9 16 23 18 

19 20 15 17 21 24 

25 26 27 22 28 30 

31 32 33 34 29 35 

  |    
  V    
1 2 3 4 0 6 

7 8 10 11 5 12 

13 14 9 16 23 18 

19 20 15 17 21 24 

25 26 27 22 28 30 

31 32 33 34 29 35 

  |    
  V    
1 2 3 4 5 6 

7 8 10 11 0 12 

13 14 9 16 23 18 

19 20 15 17 21 24 

25 26 27 22 28 30 

31 32 33 34 29 35 

  |    
  V    
1 2 3 4 5 6 

7 8 10 0 11 12 

13 14 9 16 23 18 

19 20 15 17 21 24 

25 26 27 22 28 30 

31 32 33 34 29 35 

  |    
  V    
1 2 3 4 5 6 

7 8 0 10 11 12 

13 14 9 16 23 18 

19 20 15 17 21 24 

25 26 27 22 28 30 

31 32 33 34 29 35 

  |    
  V    
1 2 3 4 5 6 

7 8 9 10 11 12 

13 14 0 16 23 18 

19 20 15 17 21 24 

25 26 27 22 28 30 

31 32 33 34 29 35 

  |    
  V    
1 2 3 4 5 6 

7 8 9 10 11 12 

13 14 16 0 23 18 

19 20 15 17 21 24 

25 26 27 22 28 30 

31 32 33 34 29 35 

  |    
  V    
1 2 3 4 5 6 

7 8 9 10 11 12 

13 14 16 17 23 18 

19 20 15 0 21 24 

25 26 27 22 28 30 

31 32 33 34 29 35 

  |    
  V    
1 2 3 4 5 6 

7 8 9 10 11 12 

13 14 16 17 23 18 

19 20 15 21 0 24 

25 26 27 22 28 30 

31 32 33 34 29 35 

  |    
  V    
1 2 3 4 5 6 

7 8 9 10 11 12 

13 14 16 17 0 18 

19 20 15 21 23 24 

25 26 27 22 28 30 

31 32 33 34 29 35 

  |    
  V    
1 2 3 4 5 6 

7 8 9 10 11 12 

13 14 16 0 17 18 

19 20 15 21 23 24 

25 26 27 22 28 30 

31 32 33 34 29 35 

  |    
  V    
1 2 3 4 5 6 

7 8 9 10 11 12 

13 14 0 16 17 18 

19 20 15 21 23 24 

25 26 27 22 28 30 

31 32 33 34 29 35 

  |    
  V    
1 2 3 4 5 6 

7 8 9 10 11 12 

13 14 15 16 17 18 

19 20 0 21 23 24 

25 26 27 22 28 30 

31 32 33 34 29 35 

  |    
  V    
1 2 3 4 5 6 

7 8 9 10 11 12 

13 14 15 16 17 18 

19 20 21 0 23 24 

25 26 27 22 28 30 

31 32 33 34 29 35 

  |    
  V    
1 2 3 4 5 6 

7 8 9 10 11 12 

13 14 15 16 17 18 

19 20 21 22 23 24 

25 26 27 0 28 30 

31 32 33 34 29 35 

  |    
  V    
1 2 3 4 5 6 

7 8 9 10 11 12 

13 14 15 16 17 18 

19 20 21 22 23 24 

25 26 27 28 0 30 

31 32 33 34 29 35 

  |    
  V    
1 2 3 4 5 6 

7 8 9 10 11 12 

13 14 15 16 17 18 

19 20 21 22 23 24 

25 26 27 28 29 30 

31 32 33 34 0 35 

  |    
  V    
1 2 3 4 5 6 

7 8 9 10 11 12 

13 14 15 16 17 18 

19 20 21 22 23 24 

25 26 27 28 29 30 

31 32 33 34 35 0 

[END Solution]

