
[WARNING] Value for puzzle should ideally be 3 or 4.

[Begin Solution]

[Program inputs]
ALGORITHM => A*
GAME => 48 puzzle
INPUT FILE => /Users/prasoon/Documents/books/AI/AI Assignment 1/test/in_2.txt
OUTPUT FILE => /Users/prasoon/Documents/books/AI/AI Assignment 1/test/out_2.txt
INITIAL STATE: 
[[1, 2, 17, 3, 5, 7, 0], [8, 9, 4, 10, 12, 20, 13], [15, 16, 11, 18, 19, 14, 6], [22, 23, 31, 24, 25, 26, 21], [29, 38, 37, 33, 27, 34, 28], [43, 36, 46, 32, 40, 41, 35], [44, 45, 39, 30, 47, 48, 42]]
FINAL STATE:
[[1, 2, 3, 4, 5, 6, 7], [8, 9, 10, 11, 12, 13, 14], [15, 16, 17, 18, 19, 20, 21], [22, 23, 24, 25, 26, 27, 28], [29, 30, 31, 32, 33, 34, 35], [36, 37, 38, 39, 40, 41, 42], [43, 44, 45, 46, 47, 48, 0]]
HEURISTIC:  Manhattan_Distance
MOVES: 
D D L U R U L D R D D D L L L D L D R U L D L L U R U R D L U R U R U U L U R D D L U R D D R R D R D D 
PATH LENGTH: 53
NODES EXPANDED: 28728
EXECUTION TIME: 15 seconds
TRAVERSED STATES: 
1 2 17 3 5 7 0 

8 9 4 10 12 20 13 

15 16 11 18 19 14 6 

22 23 31 24 25 26 21 

29 38 37 33 27 34 28 

43 36 46 32 40 41 35 

44 45 39 30 47 48 42 

  |    
  V    
1 2 17 3 5 7 13 

8 9 4 10 12 20 0 

15 16 11 18 19 14 6 

22 23 31 24 25 26 21 

29 38 37 33 27 34 28 

43 36 46 32 40 41 35 

44 45 39 30 47 48 42 

  |    
  V    
1 2 17 3 5 7 13 

8 9 4 10 12 20 6 

15 16 11 18 19 14 0 

22 23 31 24 25 26 21 

29 38 37 33 27 34 28 

43 36 46 32 40 41 35 

44 45 39 30 47 48 42 

  |    
  V    
1 2 17 3 5 7 13 

8 9 4 10 12 20 6 

15 16 11 18 19 0 14 

22 23 31 24 25 26 21 

29 38 37 33 27 34 28 

43 36 46 32 40 41 35 

44 45 39 30 47 48 42 

  |    
  V    
1 2 17 3 5 7 13 

8 9 4 10 12 0 6 

15 16 11 18 19 20 14 

22 23 31 24 25 26 21 

29 38 37 33 27 34 28 

43 36 46 32 40 41 35 

44 45 39 30 47 48 42 

  |    
  V    
1 2 17 3 5 7 13 

8 9 4 10 12 6 0 

15 16 11 18 19 20 14 

22 23 31 24 25 26 21 

29 38 37 33 27 34 28 

43 36 46 32 40 41 35 

44 45 39 30 47 48 42 

  |    
  V    
1 2 17 3 5 7 0 

8 9 4 10 12 6 13 

15 16 11 18 19 20 14 

22 23 31 24 25 26 21 

29 38 37 33 27 34 28 

43 36 46 32 40 41 35 

44 45 39 30 47 48 42 

  |    
  V    
1 2 17 3 5 0 7 

8 9 4 10 12 6 13 

15 16 11 18 19 20 14 

22 23 31 24 25 26 21 

29 38 37 33 27 34 28 

43 36 46 32 40 41 35 

44 45 39 30 47 48 42 

  |    
  V    
1 2 17 3 5 6 7 

8 9 4 10 12 0 13 

15 16 11 18 19 20 14 

22 23 31 24 25 26 21 

29 38 37 33 27 34 28 

43 36 46 32 40 41 35 

44 45 39 30 47 48 42 

  |    
  V    
1 2 17 3 5 6 7 

8 9 4 10 12 13 0 

15 16 11 18 19 20 14 

22 23 31 24 25 26 21 

29 38 37 33 27 34 28 

43 36 46 32 40 41 35 

44 45 39 30 47 48 42 

  |    
  V    
1 2 17 3 5 6 7 

8 9 4 10 12 13 14 

15 16 11 18 19 20 0 

22 23 31 24 25 26 21 

29 38 37 33 27 34 28 

43 36 46 32 40 41 35 

44 45 39 30 47 48 42 

  |    
  V    
1 2 17 3 5 6 7 

8 9 4 10 12 13 14 

15 16 11 18 19 20 21 

22 23 31 24 25 26 0 

29 38 37 33 27 34 28 

43 36 46 32 40 41 35 

44 45 39 30 47 48 42 

  |    
  V    
1 2 17 3 5 6 7 

8 9 4 10 12 13 14 

15 16 11 18 19 20 21 

22 23 31 24 25 26 28 

29 38 37 33 27 34 0 

43 36 46 32 40 41 35 

44 45 39 30 47 48 42 

  |    
  V    
1 2 17 3 5 6 7 

8 9 4 10 12 13 14 

15 16 11 18 19 20 21 

22 23 31 24 25 26 28 

29 38 37 33 27 0 34 

43 36 46 32 40 41 35 

44 45 39 30 47 48 42 

  |    
  V    
1 2 17 3 5 6 7 

8 9 4 10 12 13 14 

15 16 11 18 19 20 21 

22 23 31 24 25 26 28 

29 38 37 33 0 27 34 

43 36 46 32 40 41 35 

44 45 39 30 47 48 42 

  |    
  V    
1 2 17 3 5 6 7 

8 9 4 10 12 13 14 

15 16 11 18 19 20 21 

22 23 31 24 25 26 28 

29 38 37 0 33 27 34 

43 36 46 32 40 41 35 

44 45 39 30 47 48 42 

  |    
  V    
1 2 17 3 5 6 7 

8 9 4 10 12 13 14 

15 16 11 18 19 20 21 

22 23 31 24 25 26 28 

29 38 37 32 33 27 34 

43 36 46 0 40 41 35 

44 45 39 30 47 48 42 

  |    
  V    
1 2 17 3 5 6 7 

8 9 4 10 12 13 14 

15 16 11 18 19 20 21 

22 23 31 24 25 26 28 

29 38 37 32 33 27 34 

43 36 0 46 40 41 35 

44 45 39 30 47 48 42 

  |    
  V    
1 2 17 3 5 6 7 

8 9 4 10 12 13 14 

15 16 11 18 19 20 21 

22 23 31 24 25 26 28 

29 38 37 32 33 27 34 

43 36 39 46 40 41 35 

44 45 0 30 47 48 42 

  |    
  V    
1 2 17 3 5 6 7 

8 9 4 10 12 13 14 

15 16 11 18 19 20 21 

22 23 31 24 25 26 28 

29 38 37 32 33 27 34 

43 36 39 46 40 41 35 

44 45 30 0 47 48 42 

  |    
  V    
1 2 17 3 5 6 7 

8 9 4 10 12 13 14 

15 16 11 18 19 20 21 

22 23 31 24 25 26 28 

29 38 37 32 33 27 34 

43 36 39 0 40 41 35 

44 45 30 46 47 48 42 

  |    
  V    
1 2 17 3 5 6 7 

8 9 4 10 12 13 14 

15 16 11 18 19 20 21 

22 23 31 24 25 26 28 

29 38 37 32 33 27 34 

43 36 0 39 40 41 35 

44 45 30 46 47 48 42 

  |    
  V    
1 2 17 3 5 6 7 

8 9 4 10 12 13 14 

15 16 11 18 19 20 21 

22 23 31 24 25 26 28 

29 38 37 32 33 27 34 

43 36 30 39 40 41 35 

44 45 0 46 47 48 42 

  |    
  V    
1 2 17 3 5 6 7 

8 9 4 10 12 13 14 

15 16 11 18 19 20 21 

22 23 31 24 25 26 28 

29 38 37 32 33 27 34 

43 36 30 39 40 41 35 

44 0 45 46 47 48 42 

  |    
  V    
1 2 17 3 5 6 7 

8 9 4 10 12 13 14 

15 16 11 18 19 20 21 

22 23 31 24 25 26 28 

29 38 37 32 33 27 34 

43 36 30 39 40 41 35 

0 44 45 46 47 48 42 

  |    
  V    
1 2 17 3 5 6 7 

8 9 4 10 12 13 14 

15 16 11 18 19 20 21 

22 23 31 24 25 26 28 

29 38 37 32 33 27 34 

0 36 30 39 40 41 35 

43 44 45 46 47 48 42 

  |    
  V    
1 2 17 3 5 6 7 

8 9 4 10 12 13 14 

15 16 11 18 19 20 21 

22 23 31 24 25 26 28 

29 38 37 32 33 27 34 

36 0 30 39 40 41 35 

43 44 45 46 47 48 42 

  |    
  V    
1 2 17 3 5 6 7 

8 9 4 10 12 13 14 

15 16 11 18 19 20 21 

22 23 31 24 25 26 28 

29 0 37 32 33 27 34 

36 38 30 39 40 41 35 

43 44 45 46 47 48 42 

  |    
  V    
1 2 17 3 5 6 7 

8 9 4 10 12 13 14 

15 16 11 18 19 20 21 

22 23 31 24 25 26 28 

29 37 0 32 33 27 34 

36 38 30 39 40 41 35 

43 44 45 46 47 48 42 

  |    
  V    
1 2 17 3 5 6 7 

8 9 4 10 12 13 14 

15 16 11 18 19 20 21 

22 23 31 24 25 26 28 

29 37 30 32 33 27 34 

36 38 0 39 40 41 35 

43 44 45 46 47 48 42 

  |    
  V    
1 2 17 3 5 6 7 

8 9 4 10 12 13 14 

15 16 11 18 19 20 21 

22 23 31 24 25 26 28 

29 37 30 32 33 27 34 

36 0 38 39 40 41 35 

43 44 45 46 47 48 42 

  |    
  V    
1 2 17 3 5 6 7 

8 9 4 10 12 13 14 

15 16 11 18 19 20 21 

22 23 31 24 25 26 28 

29 0 30 32 33 27 34 

36 37 38 39 40 41 35 

43 44 45 46 47 48 42 

  |    
  V    
1 2 17 3 5 6 7 

8 9 4 10 12 13 14 

15 16 11 18 19 20 21 

22 23 31 24 25 26 28 

29 30 0 32 33 27 34 

36 37 38 39 40 41 35 

43 44 45 46 47 48 42 

  |    
  V    
1 2 17 3 5 6 7 

8 9 4 10 12 13 14 

15 16 11 18 19 20 21 

22 23 0 24 25 26 28 

29 30 31 32 33 27 34 

36 37 38 39 40 41 35 

43 44 45 46 47 48 42 

  |    
  V    
1 2 17 3 5 6 7 

8 9 4 10 12 13 14 

15 16 11 18 19 20 21 

22 23 24 0 25 26 28 

29 30 31 32 33 27 34 

36 37 38 39 40 41 35 

43 44 45 46 47 48 42 

  |    
  V    
1 2 17 3 5 6 7 

8 9 4 10 12 13 14 

15 16 11 0 19 20 21 

22 23 24 18 25 26 28 

29 30 31 32 33 27 34 

36 37 38 39 40 41 35 

43 44 45 46 47 48 42 

  |    
  V    
1 2 17 3 5 6 7 

8 9 4 0 12 13 14 

15 16 11 10 19 20 21 

22 23 24 18 25 26 28 

29 30 31 32 33 27 34 

36 37 38 39 40 41 35 

43 44 45 46 47 48 42 

  |    
  V    
1 2 17 3 5 6 7 

8 9 0 4 12 13 14 

15 16 11 10 19 20 21 

22 23 24 18 25 26 28 

29 30 31 32 33 27 34 

36 37 38 39 40 41 35 

43 44 45 46 47 48 42 

  |    
  V    
1 2 0 3 5 6 7 

8 9 17 4 12 13 14 

15 16 11 10 19 20 21 

22 23 24 18 25 26 28 

29 30 31 32 33 27 34 

36 37 38 39 40 41 35 

43 44 45 46 47 48 42 

  |    
  V    
1 2 3 0 5 6 7 

8 9 17 4 12 13 14 

15 16 11 10 19 20 21 

22 23 24 18 25 26 28 

29 30 31 32 33 27 34 

36 37 38 39 40 41 35 

43 44 45 46 47 48 42 

  |    
  V    
1 2 3 4 5 6 7 

8 9 17 0 12 13 14 

15 16 11 10 19 20 21 

22 23 24 18 25 26 28 

29 30 31 32 33 27 34 

36 37 38 39 40 41 35 

43 44 45 46 47 48 42 

  |    
  V    
1 2 3 4 5 6 7 

8 9 17 10 12 13 14 

15 16 11 0 19 20 21 

22 23 24 18 25 26 28 

29 30 31 32 33 27 34 

36 37 38 39 40 41 35 

43 44 45 46 47 48 42 

  |    
  V    
1 2 3 4 5 6 7 

8 9 17 10 12 13 14 

15 16 0 11 19 20 21 

22 23 24 18 25 26 28 

29 30 31 32 33 27 34 

36 37 38 39 40 41 35 

43 44 45 46 47 48 42 

  |    
  V    
1 2 3 4 5 6 7 

8 9 0 10 12 13 14 

15 16 17 11 19 20 21 

22 23 24 18 25 26 28 

29 30 31 32 33 27 34 

36 37 38 39 40 41 35 

43 44 45 46 47 48 42 

  |    
  V    
1 2 3 4 5 6 7 

8 9 10 0 12 13 14 

15 16 17 11 19 20 21 

22 23 24 18 25 26 28 

29 30 31 32 33 27 34 

36 37 38 39 40 41 35 

43 44 45 46 47 48 42 

  |    
  V    
1 2 3 4 5 6 7 

8 9 10 11 12 13 14 

15 16 17 0 19 20 21 

22 23 24 18 25 26 28 

29 30 31 32 33 27 34 

36 37 38 39 40 41 35 

43 44 45 46 47 48 42 

  |    
  V    
1 2 3 4 5 6 7 

8 9 10 11 12 13 14 

15 16 17 18 19 20 21 

22 23 24 0 25 26 28 

29 30 31 32 33 27 34 

36 37 38 39 40 41 35 

43 44 45 46 47 48 42 

  |    
  V    
1 2 3 4 5 6 7 

8 9 10 11 12 13 14 

15 16 17 18 19 20 21 

22 23 24 25 0 26 28 

29 30 31 32 33 27 34 

36 37 38 39 40 41 35 

43 44 45 46 47 48 42 

  |    
  V    
1 2 3 4 5 6 7 

8 9 10 11 12 13 14 

15 16 17 18 19 20 21 

22 23 24 25 26 0 28 

29 30 31 32 33 27 34 

36 37 38 39 40 41 35 

43 44 45 46 47 48 42 

  |    
  V    
1 2 3 4 5 6 7 

8 9 10 11 12 13 14 

15 16 17 18 19 20 21 

22 23 24 25 26 27 28 

29 30 31 32 33 0 34 

36 37 38 39 40 41 35 

43 44 45 46 47 48 42 

  |    
  V    
1 2 3 4 5 6 7 

8 9 10 11 12 13 14 

15 16 17 18 19 20 21 

22 23 24 25 26 27 28 

29 30 31 32 33 34 0 

36 37 38 39 40 41 35 

43 44 45 46 47 48 42 

  |    
  V    
1 2 3 4 5 6 7 

8 9 10 11 12 13 14 

15 16 17 18 19 20 21 

22 23 24 25 26 27 28 

29 30 31 32 33 34 35 

36 37 38 39 40 41 0 

43 44 45 46 47 48 42 

  |    
  V    
1 2 3 4 5 6 7 

8 9 10 11 12 13 14 

15 16 17 18 19 20 21 

22 23 24 25 26 27 28 

29 30 31 32 33 34 35 

36 37 38 39 40 41 42 

43 44 45 46 47 48 0 

[END Solution]

