
[WARNING] Value for puzzle should ideally be 3 or 4.

[Begin Solution]

[Program inputs]
ALGORITHM => A*
GAME => 99 puzzle
INPUT FILE => /Users/prasoon/Documents/books/AI/AI Assignment 1/test/in_4.txt
OUTPUT FILE => /Users/prasoon/Documents/books/AI/AI Assignment 1/test/out_4.txt
INITIAL STATE: 
[[1, 2, 3, 4, 5, 6, 7, 8, 9, 10], [11, 12, 13, 14, 15, 16, 17, 18, 19, 20], [21, 22, 23, 24, 25, 26, 27, 28, 29, 30], [31, 32, 33, 34, 35, 36, 37, 38, 39, 40], [41, 42, 43, 44, 45, 46, 47, 48, 49, 50], [51, 0, 53, 54, 55, 56, 57, 68, 58, 60], [71, 52, 63, 64, 65, 66, 67, 78, 59, 69], [81, 62, 61, 73, 74, 75, 76, 77, 80, 70], [83, 82, 72, 84, 85, 86, 87, 88, 79, 89], [91, 92, 93, 94, 95, 96, 97, 98, 99, 90]]
FINAL STATE:
[[1, 2, 3, 4, 5, 6, 7, 8, 9, 10], [11, 12, 13, 14, 15, 16, 17, 18, 19, 20], [21, 22, 23, 24, 25, 26, 27, 28, 29, 30], [31, 32, 33, 34, 35, 36, 37, 38, 39, 40], [41, 42, 43, 44, 45, 46, 47, 48, 49, 50], [51, 52, 53, 54, 55, 56, 57, 58, 59, 60], [61, 62, 63, 64, 65, 66, 67, 68, 69, 70], [71, 72, 73, 74, 75, 76, 77, 78, 79, 80], [81, 82, 83, 84, 85, 86, 87, 88, 89, 90], [91, 92, 93, 94, 95, 96, 97, 98, 99, 0]]
HEURISTIC:  Manhattan_Distance
MOVES: 
D D R U L D D L U U R R D D L U R R R R R R U U R D R D L D R D 
PATH LENGTH: 33
NODES EXPANDED: 1910
EXECUTION TIME:  2 seconds
TRAVERSED STATES: 
1 2 3 4 5 6 7 8 9 10 

11 12 13 14 15 16 17 18 19 20 

21 22 23 24 25 26 27 28 29 30 

31 32 33 34 35 36 37 38 39 40 

41 42 43 44 45 46 47 48 49 50 

51 0 53 54 55 56 57 68 58 60 

71 52 63 64 65 66 67 78 59 69 

81 62 61 73 74 75 76 77 80 70 

83 82 72 84 85 86 87 88 79 89 

91 92 93 94 95 96 97 98 99 90 

  |    
  V    
1 2 3 4 5 6 7 8 9 10 

11 12 13 14 15 16 17 18 19 20 

21 22 23 24 25 26 27 28 29 30 

31 32 33 34 35 36 37 38 39 40 

41 42 43 44 45 46 47 48 49 50 

51 52 53 54 55 56 57 68 58 60 

71 0 63 64 65 66 67 78 59 69 

81 62 61 73 74 75 76 77 80 70 

83 82 72 84 85 86 87 88 79 89 

91 92 93 94 95 96 97 98 99 90 

  |    
  V    
1 2 3 4 5 6 7 8 9 10 

11 12 13 14 15 16 17 18 19 20 

21 22 23 24 25 26 27 28 29 30 

31 32 33 34 35 36 37 38 39 40 

41 42 43 44 45 46 47 48 49 50 

51 52 53 54 55 56 57 68 58 60 

71 62 63 64 65 66 67 78 59 69 

81 0 61 73 74 75 76 77 80 70 

83 82 72 84 85 86 87 88 79 89 

91 92 93 94 95 96 97 98 99 90 

  |    
  V    
1 2 3 4 5 6 7 8 9 10 

11 12 13 14 15 16 17 18 19 20 

21 22 23 24 25 26 27 28 29 30 

31 32 33 34 35 36 37 38 39 40 

41 42 43 44 45 46 47 48 49 50 

51 52 53 54 55 56 57 68 58 60 

71 62 63 64 65 66 67 78 59 69 

81 61 0 73 74 75 76 77 80 70 

83 82 72 84 85 86 87 88 79 89 

91 92 93 94 95 96 97 98 99 90 

  |    
  V    
1 2 3 4 5 6 7 8 9 10 

11 12 13 14 15 16 17 18 19 20 

21 22 23 24 25 26 27 28 29 30 

31 32 33 34 35 36 37 38 39 40 

41 42 43 44 45 46 47 48 49 50 

51 52 53 54 55 56 57 68 58 60 

71 62 0 64 65 66 67 78 59 69 

81 61 63 73 74 75 76 77 80 70 

83 82 72 84 85 86 87 88 79 89 

91 92 93 94 95 96 97 98 99 90 

  |    
  V    
1 2 3 4 5 6 7 8 9 10 

11 12 13 14 15 16 17 18 19 20 

21 22 23 24 25 26 27 28 29 30 

31 32 33 34 35 36 37 38 39 40 

41 42 43 44 45 46 47 48 49 50 

51 52 53 54 55 56 57 68 58 60 

71 0 62 64 65 66 67 78 59 69 

81 61 63 73 74 75 76 77 80 70 

83 82 72 84 85 86 87 88 79 89 

91 92 93 94 95 96 97 98 99 90 

  |    
  V    
1 2 3 4 5 6 7 8 9 10 

11 12 13 14 15 16 17 18 19 20 

21 22 23 24 25 26 27 28 29 30 

31 32 33 34 35 36 37 38 39 40 

41 42 43 44 45 46 47 48 49 50 

51 52 53 54 55 56 57 68 58 60 

71 61 62 64 65 66 67 78 59 69 

81 0 63 73 74 75 76 77 80 70 

83 82 72 84 85 86 87 88 79 89 

91 92 93 94 95 96 97 98 99 90 

  |    
  V    
1 2 3 4 5 6 7 8 9 10 

11 12 13 14 15 16 17 18 19 20 

21 22 23 24 25 26 27 28 29 30 

31 32 33 34 35 36 37 38 39 40 

41 42 43 44 45 46 47 48 49 50 

51 52 53 54 55 56 57 68 58 60 

71 61 62 64 65 66 67 78 59 69 

81 82 63 73 74 75 76 77 80 70 

83 0 72 84 85 86 87 88 79 89 

91 92 93 94 95 96 97 98 99 90 

  |    
  V    
1 2 3 4 5 6 7 8 9 10 

11 12 13 14 15 16 17 18 19 20 

21 22 23 24 25 26 27 28 29 30 

31 32 33 34 35 36 37 38 39 40 

41 42 43 44 45 46 47 48 49 50 

51 52 53 54 55 56 57 68 58 60 

71 61 62 64 65 66 67 78 59 69 

81 82 63 73 74 75 76 77 80 70 

0 83 72 84 85 86 87 88 79 89 

91 92 93 94 95 96 97 98 99 90 

  |    
  V    
1 2 3 4 5 6 7 8 9 10 

11 12 13 14 15 16 17 18 19 20 

21 22 23 24 25 26 27 28 29 30 

31 32 33 34 35 36 37 38 39 40 

41 42 43 44 45 46 47 48 49 50 

51 52 53 54 55 56 57 68 58 60 

71 61 62 64 65 66 67 78 59 69 

0 82 63 73 74 75 76 77 80 70 

81 83 72 84 85 86 87 88 79 89 

91 92 93 94 95 96 97 98 99 90 

  |    
  V    
1 2 3 4 5 6 7 8 9 10 

11 12 13 14 15 16 17 18 19 20 

21 22 23 24 25 26 27 28 29 30 

31 32 33 34 35 36 37 38 39 40 

41 42 43 44 45 46 47 48 49 50 

51 52 53 54 55 56 57 68 58 60 

0 61 62 64 65 66 67 78 59 69 

71 82 63 73 74 75 76 77 80 70 

81 83 72 84 85 86 87 88 79 89 

91 92 93 94 95 96 97 98 99 90 

  |    
  V    
1 2 3 4 5 6 7 8 9 10 

11 12 13 14 15 16 17 18 19 20 

21 22 23 24 25 26 27 28 29 30 

31 32 33 34 35 36 37 38 39 40 

41 42 43 44 45 46 47 48 49 50 

51 52 53 54 55 56 57 68 58 60 

61 0 62 64 65 66 67 78 59 69 

71 82 63 73 74 75 76 77 80 70 

81 83 72 84 85 86 87 88 79 89 

91 92 93 94 95 96 97 98 99 90 

  |    
  V    
1 2 3 4 5 6 7 8 9 10 

11 12 13 14 15 16 17 18 19 20 

21 22 23 24 25 26 27 28 29 30 

31 32 33 34 35 36 37 38 39 40 

41 42 43 44 45 46 47 48 49 50 

51 52 53 54 55 56 57 68 58 60 

61 62 0 64 65 66 67 78 59 69 

71 82 63 73 74 75 76 77 80 70 

81 83 72 84 85 86 87 88 79 89 

91 92 93 94 95 96 97 98 99 90 

  |    
  V    
1 2 3 4 5 6 7 8 9 10 

11 12 13 14 15 16 17 18 19 20 

21 22 23 24 25 26 27 28 29 30 

31 32 33 34 35 36 37 38 39 40 

41 42 43 44 45 46 47 48 49 50 

51 52 53 54 55 56 57 68 58 60 

61 62 63 64 65 66 67 78 59 69 

71 82 0 73 74 75 76 77 80 70 

81 83 72 84 85 86 87 88 79 89 

91 92 93 94 95 96 97 98 99 90 

  |    
  V    
1 2 3 4 5 6 7 8 9 10 

11 12 13 14 15 16 17 18 19 20 

21 22 23 24 25 26 27 28 29 30 

31 32 33 34 35 36 37 38 39 40 

41 42 43 44 45 46 47 48 49 50 

51 52 53 54 55 56 57 68 58 60 

61 62 63 64 65 66 67 78 59 69 

71 82 72 73 74 75 76 77 80 70 

81 83 0 84 85 86 87 88 79 89 

91 92 93 94 95 96 97 98 99 90 

  |    
  V    
1 2 3 4 5 6 7 8 9 10 

11 12 13 14 15 16 17 18 19 20 

21 22 23 24 25 26 27 28 29 30 

31 32 33 34 35 36 37 38 39 40 

41 42 43 44 45 46 47 48 49 50 

51 52 53 54 55 56 57 68 58 60 

61 62 63 64 65 66 67 78 59 69 

71 82 72 73 74 75 76 77 80 70 

81 0 83 84 85 86 87 88 79 89 

91 92 93 94 95 96 97 98 99 90 

  |    
  V    
1 2 3 4 5 6 7 8 9 10 

11 12 13 14 15 16 17 18 19 20 

21 22 23 24 25 26 27 28 29 30 

31 32 33 34 35 36 37 38 39 40 

41 42 43 44 45 46 47 48 49 50 

51 52 53 54 55 56 57 68 58 60 

61 62 63 64 65 66 67 78 59 69 

71 0 72 73 74 75 76 77 80 70 

81 82 83 84 85 86 87 88 79 89 

91 92 93 94 95 96 97 98 99 90 

  |    
  V    
1 2 3 4 5 6 7 8 9 10 

11 12 13 14 15 16 17 18 19 20 

21 22 23 24 25 26 27 28 29 30 

31 32 33 34 35 36 37 38 39 40 

41 42 43 44 45 46 47 48 49 50 

51 52 53 54 55 56 57 68 58 60 

61 62 63 64 65 66 67 78 59 69 

71 72 0 73 74 75 76 77 80 70 

81 82 83 84 85 86 87 88 79 89 

91 92 93 94 95 96 97 98 99 90 

  |    
  V    
1 2 3 4 5 6 7 8 9 10 

11 12 13 14 15 16 17 18 19 20 

21 22 23 24 25 26 27 28 29 30 

31 32 33 34 35 36 37 38 39 40 

41 42 43 44 45 46 47 48 49 50 

51 52 53 54 55 56 57 68 58 60 

61 62 63 64 65 66 67 78 59 69 

71 72 73 0 74 75 76 77 80 70 

81 82 83 84 85 86 87 88 79 89 

91 92 93 94 95 96 97 98 99 90 

  |    
  V    
1 2 3 4 5 6 7 8 9 10 

11 12 13 14 15 16 17 18 19 20 

21 22 23 24 25 26 27 28 29 30 

31 32 33 34 35 36 37 38 39 40 

41 42 43 44 45 46 47 48 49 50 

51 52 53 54 55 56 57 68 58 60 

61 62 63 64 65 66 67 78 59 69 

71 72 73 74 0 75 76 77 80 70 

81 82 83 84 85 86 87 88 79 89 

91 92 93 94 95 96 97 98 99 90 

  |    
  V    
1 2 3 4 5 6 7 8 9 10 

11 12 13 14 15 16 17 18 19 20 

21 22 23 24 25 26 27 28 29 30 

31 32 33 34 35 36 37 38 39 40 

41 42 43 44 45 46 47 48 49 50 

51 52 53 54 55 56 57 68 58 60 

61 62 63 64 65 66 67 78 59 69 

71 72 73 74 75 0 76 77 80 70 

81 82 83 84 85 86 87 88 79 89 

91 92 93 94 95 96 97 98 99 90 

  |    
  V    
1 2 3 4 5 6 7 8 9 10 

11 12 13 14 15 16 17 18 19 20 

21 22 23 24 25 26 27 28 29 30 

31 32 33 34 35 36 37 38 39 40 

41 42 43 44 45 46 47 48 49 50 

51 52 53 54 55 56 57 68 58 60 

61 62 63 64 65 66 67 78 59 69 

71 72 73 74 75 76 0 77 80 70 

81 82 83 84 85 86 87 88 79 89 

91 92 93 94 95 96 97 98 99 90 

  |    
  V    
1 2 3 4 5 6 7 8 9 10 

11 12 13 14 15 16 17 18 19 20 

21 22 23 24 25 26 27 28 29 30 

31 32 33 34 35 36 37 38 39 40 

41 42 43 44 45 46 47 48 49 50 

51 52 53 54 55 56 57 68 58 60 

61 62 63 64 65 66 67 78 59 69 

71 72 73 74 75 76 77 0 80 70 

81 82 83 84 85 86 87 88 79 89 

91 92 93 94 95 96 97 98 99 90 

  |    
  V    
1 2 3 4 5 6 7 8 9 10 

11 12 13 14 15 16 17 18 19 20 

21 22 23 24 25 26 27 28 29 30 

31 32 33 34 35 36 37 38 39 40 

41 42 43 44 45 46 47 48 49 50 

51 52 53 54 55 56 57 68 58 60 

61 62 63 64 65 66 67 0 59 69 

71 72 73 74 75 76 77 78 80 70 

81 82 83 84 85 86 87 88 79 89 

91 92 93 94 95 96 97 98 99 90 

  |    
  V    
1 2 3 4 5 6 7 8 9 10 

11 12 13 14 15 16 17 18 19 20 

21 22 23 24 25 26 27 28 29 30 

31 32 33 34 35 36 37 38 39 40 

41 42 43 44 45 46 47 48 49 50 

51 52 53 54 55 56 57 0 58 60 

61 62 63 64 65 66 67 68 59 69 

71 72 73 74 75 76 77 78 80 70 

81 82 83 84 85 86 87 88 79 89 

91 92 93 94 95 96 97 98 99 90 

  |    
  V    
1 2 3 4 5 6 7 8 9 10 

11 12 13 14 15 16 17 18 19 20 

21 22 23 24 25 26 27 28 29 30 

31 32 33 34 35 36 37 38 39 40 

41 42 43 44 45 46 47 48 49 50 

51 52 53 54 55 56 57 58 0 60 

61 62 63 64 65 66 67 68 59 69 

71 72 73 74 75 76 77 78 80 70 

81 82 83 84 85 86 87 88 79 89 

91 92 93 94 95 96 97 98 99 90 

  |    
  V    
1 2 3 4 5 6 7 8 9 10 

11 12 13 14 15 16 17 18 19 20 

21 22 23 24 25 26 27 28 29 30 

31 32 33 34 35 36 37 38 39 40 

41 42 43 44 45 46 47 48 49 50 

51 52 53 54 55 56 57 58 59 60 

61 62 63 64 65 66 67 68 0 69 

71 72 73 74 75 76 77 78 80 70 

81 82 83 84 85 86 87 88 79 89 

91 92 93 94 95 96 97 98 99 90 

  |    
  V    
1 2 3 4 5 6 7 8 9 10 

11 12 13 14 15 16 17 18 19 20 

21 22 23 24 25 26 27 28 29 30 

31 32 33 34 35 36 37 38 39 40 

41 42 43 44 45 46 47 48 49 50 

51 52 53 54 55 56 57 58 59 60 

61 62 63 64 65 66 67 68 69 0 

71 72 73 74 75 76 77 78 80 70 

81 82 83 84 85 86 87 88 79 89 

91 92 93 94 95 96 97 98 99 90 

  |    
  V    
1 2 3 4 5 6 7 8 9 10 

11 12 13 14 15 16 17 18 19 20 

21 22 23 24 25 26 27 28 29 30 

31 32 33 34 35 36 37 38 39 40 

41 42 43 44 45 46 47 48 49 50 

51 52 53 54 55 56 57 58 59 60 

61 62 63 64 65 66 67 68 69 70 

71 72 73 74 75 76 77 78 80 0 

81 82 83 84 85 86 87 88 79 89 

91 92 93 94 95 96 97 98 99 90 

  |    
  V    
1 2 3 4 5 6 7 8 9 10 

11 12 13 14 15 16 17 18 19 20 

21 22 23 24 25 26 27 28 29 30 

31 32 33 34 35 36 37 38 39 40 

41 42 43 44 45 46 47 48 49 50 

51 52 53 54 55 56 57 58 59 60 

61 62 63 64 65 66 67 68 69 70 

71 72 73 74 75 76 77 78 0 80 

81 82 83 84 85 86 87 88 79 89 

91 92 93 94 95 96 97 98 99 90 

  |    
  V    
1 2 3 4 5 6 7 8 9 10 

11 12 13 14 15 16 17 18 19 20 

21 22 23 24 25 26 27 28 29 30 

31 32 33 34 35 36 37 38 39 40 

41 42 43 44 45 46 47 48 49 50 

51 52 53 54 55 56 57 58 59 60 

61 62 63 64 65 66 67 68 69 70 

71 72 73 74 75 76 77 78 79 80 

81 82 83 84 85 86 87 88 0 89 

91 92 93 94 95 96 97 98 99 90 

  |    
  V    
1 2 3 4 5 6 7 8 9 10 

11 12 13 14 15 16 17 18 19 20 

21 22 23 24 25 26 27 28 29 30 

31 32 33 34 35 36 37 38 39 40 

41 42 43 44 45 46 47 48 49 50 

51 52 53 54 55 56 57 58 59 60 

61 62 63 64 65 66 67 68 69 70 

71 72 73 74 75 76 77 78 79 80 

81 82 83 84 85 86 87 88 89 0 

91 92 93 94 95 96 97 98 99 90 

  |    
  V    
1 2 3 4 5 6 7 8 9 10 

11 12 13 14 15 16 17 18 19 20 

21 22 23 24 25 26 27 28 29 30 

31 32 33 34 35 36 37 38 39 40 

41 42 43 44 45 46 47 48 49 50 

51 52 53 54 55 56 57 58 59 60 

61 62 63 64 65 66 67 68 69 70 

71 72 73 74 75 76 77 78 79 80 

81 82 83 84 85 86 87 88 89 90 

91 92 93 94 95 96 97 98 99 0 

[END Solution]

