
[WARNING] Value for puzzle should ideally be 3 or 4.

[Begin Solution]

[Program inputs]
ALGORITHM => A*
GAME => 24 puzzle
INPUT FILE => /Users/prasoon/Documents/books/AI/AI Assignment 1/test/in_2.txt
OUTPUT FILE => /Users/prasoon/Documents/books/AI/AI Assignment 1/test/out_2.txt
INITIAL STATE: 
[[1, 2, 8, 3, 5], [6, 7, 18, 13, 9], [0, 12, 23, 4, 10], [11, 16, 17, 14, 15], [21, 22, 24, 19, 20]]
FINAL STATE:
[[1, 2, 3, 4, 5], [6, 7, 8, 9, 10], [11, 12, 13, 14, 15], [16, 17, 18, 19, 20], [21, 22, 23, 24, 0]]
HEURISTIC:  Manhattan_Distance
MOVES: 
D R R U U R D D D L U U U U R D R D D D 
PATH LENGTH: 21
NODES EXPANDED: 26
EXECUTION TIME:  0 seconds
TRAVERSED STATES: 
1 2 8 3 5 

6 7 18 13 9 

0 12 23 4 10 

11 16 17 14 15 

21 22 24 19 20 

  |    
  V    
1 2 8 3 5 

6 7 18 13 9 

11 12 23 4 10 

0 16 17 14 15 

21 22 24 19 20 

  |    
  V    
1 2 8 3 5 

6 7 18 13 9 

11 12 23 4 10 

16 0 17 14 15 

21 22 24 19 20 

  |    
  V    
1 2 8 3 5 

6 7 18 13 9 

11 12 23 4 10 

16 17 0 14 15 

21 22 24 19 20 

  |    
  V    
1 2 8 3 5 

6 7 18 13 9 

11 12 0 4 10 

16 17 23 14 15 

21 22 24 19 20 

  |    
  V    
1 2 8 3 5 

6 7 0 13 9 

11 12 18 4 10 

16 17 23 14 15 

21 22 24 19 20 

  |    
  V    
1 2 8 3 5 

6 7 13 0 9 

11 12 18 4 10 

16 17 23 14 15 

21 22 24 19 20 

  |    
  V    
1 2 8 3 5 

6 7 13 4 9 

11 12 18 0 10 

16 17 23 14 15 

21 22 24 19 20 

  |    
  V    
1 2 8 3 5 

6 7 13 4 9 

11 12 18 14 10 

16 17 23 0 15 

21 22 24 19 20 

  |    
  V    
1 2 8 3 5 

6 7 13 4 9 

11 12 18 14 10 

16 17 23 19 15 

21 22 24 0 20 

  |    
  V    
1 2 8 3 5 

6 7 13 4 9 

11 12 18 14 10 

16 17 23 19 15 

21 22 0 24 20 

  |    
  V    
1 2 8 3 5 

6 7 13 4 9 

11 12 18 14 10 

16 17 0 19 15 

21 22 23 24 20 

  |    
  V    
1 2 8 3 5 

6 7 13 4 9 

11 12 0 14 10 

16 17 18 19 15 

21 22 23 24 20 

  |    
  V    
1 2 8 3 5 

6 7 0 4 9 

11 12 13 14 10 

16 17 18 19 15 

21 22 23 24 20 

  |    
  V    
1 2 0 3 5 

6 7 8 4 9 

11 12 13 14 10 

16 17 18 19 15 

21 22 23 24 20 

  |    
  V    
1 2 3 0 5 

6 7 8 4 9 

11 12 13 14 10 

16 17 18 19 15 

21 22 23 24 20 

  |    
  V    
1 2 3 4 5 

6 7 8 0 9 

11 12 13 14 10 

16 17 18 19 15 

21 22 23 24 20 

  |    
  V    
1 2 3 4 5 

6 7 8 9 0 

11 12 13 14 10 

16 17 18 19 15 

21 22 23 24 20 

  |    
  V    
1 2 3 4 5 

6 7 8 9 10 

11 12 13 14 0 

16 17 18 19 15 

21 22 23 24 20 

  |    
  V    
1 2 3 4 5 

6 7 8 9 10 

11 12 13 14 15 

16 17 18 19 0 

21 22 23 24 20 

  |    
  V    
1 2 3 4 5 

6 7 8 9 10 

11 12 13 14 15 

16 17 18 19 20 

21 22 23 24 0 

[END Solution]

