
[WARNING] Value for puzzle should ideally be 3 or 4.

[Begin Solution]

[Program inputs]
ALGORITHM => A*
GAME => 80 puzzle
INPUT FILE => /Users/prasoon/Documents/books/AI/AI Assignment 1/test/in_2.txt
OUTPUT FILE => /Users/prasoon/Documents/books/AI/AI Assignment 1/test/out_2.txt
INITIAL STATE: 
[[1, 2, 12, 3, 5, 6, 7, 8, 9], [10, 11, 4, 22, 13, 14, 16, 17, 18], [19, 20, 0, 21, 24, 15, 25, 26, 27], [28, 29, 30, 31, 23, 32, 34, 35, 36], [37, 38, 39, 40, 41, 33, 43, 44, 45], [46, 47, 48, 49, 50, 42, 52, 53, 54], [55, 56, 57, 58, 59, 51, 61, 62, 63], [64, 65, 66, 67, 68, 60, 69, 70, 71], [73, 74, 75, 76, 77, 78, 79, 80, 72]]
FINAL STATE:
[[1, 2, 3, 4, 5, 6, 7, 8, 9], [10, 11, 12, 13, 14, 15, 16, 17, 18], [19, 20, 21, 22, 23, 24, 25, 26, 27], [28, 29, 30, 31, 32, 33, 34, 35, 36], [37, 38, 39, 40, 41, 42, 43, 44, 45], [46, 47, 48, 49, 50, 51, 52, 53, 54], [55, 56, 57, 58, 59, 60, 61, 62, 63], [64, 65, 66, 67, 68, 69, 70, 71, 72], [73, 74, 75, 76, 77, 78, 79, 80, 0]]
HEURISTIC:  Manhattan_Distance
MOVES: 
R U L U R D R R D L D R D D D D R R R D 
PATH LENGTH: 21
NODES EXPANDED: 34
EXECUTION TIME:  0 seconds
TRAVERSED STATES: 
1 2 12 3 5 6 7 8 9 

10 11 4 22 13 14 16 17 18 

19 20 0 21 24 15 25 26 27 

28 29 30 31 23 32 34 35 36 

37 38 39 40 41 33 43 44 45 

46 47 48 49 50 42 52 53 54 

55 56 57 58 59 51 61 62 63 

64 65 66 67 68 60 69 70 71 

73 74 75 76 77 78 79 80 72 

  |    
  V    
1 2 12 3 5 6 7 8 9 

10 11 4 22 13 14 16 17 18 

19 20 21 0 24 15 25 26 27 

28 29 30 31 23 32 34 35 36 

37 38 39 40 41 33 43 44 45 

46 47 48 49 50 42 52 53 54 

55 56 57 58 59 51 61 62 63 

64 65 66 67 68 60 69 70 71 

73 74 75 76 77 78 79 80 72 

  |    
  V    
1 2 12 3 5 6 7 8 9 

10 11 4 0 13 14 16 17 18 

19 20 21 22 24 15 25 26 27 

28 29 30 31 23 32 34 35 36 

37 38 39 40 41 33 43 44 45 

46 47 48 49 50 42 52 53 54 

55 56 57 58 59 51 61 62 63 

64 65 66 67 68 60 69 70 71 

73 74 75 76 77 78 79 80 72 

  |    
  V    
1 2 12 3 5 6 7 8 9 

10 11 0 4 13 14 16 17 18 

19 20 21 22 24 15 25 26 27 

28 29 30 31 23 32 34 35 36 

37 38 39 40 41 33 43 44 45 

46 47 48 49 50 42 52 53 54 

55 56 57 58 59 51 61 62 63 

64 65 66 67 68 60 69 70 71 

73 74 75 76 77 78 79 80 72 

  |    
  V    
1 2 0 3 5 6 7 8 9 

10 11 12 4 13 14 16 17 18 

19 20 21 22 24 15 25 26 27 

28 29 30 31 23 32 34 35 36 

37 38 39 40 41 33 43 44 45 

46 47 48 49 50 42 52 53 54 

55 56 57 58 59 51 61 62 63 

64 65 66 67 68 60 69 70 71 

73 74 75 76 77 78 79 80 72 

  |    
  V    
1 2 3 0 5 6 7 8 9 

10 11 12 4 13 14 16 17 18 

19 20 21 22 24 15 25 26 27 

28 29 30 31 23 32 34 35 36 

37 38 39 40 41 33 43 44 45 

46 47 48 49 50 42 52 53 54 

55 56 57 58 59 51 61 62 63 

64 65 66 67 68 60 69 70 71 

73 74 75 76 77 78 79 80 72 

  |    
  V    
1 2 3 4 5 6 7 8 9 

10 11 12 0 13 14 16 17 18 

19 20 21 22 24 15 25 26 27 

28 29 30 31 23 32 34 35 36 

37 38 39 40 41 33 43 44 45 

46 47 48 49 50 42 52 53 54 

55 56 57 58 59 51 61 62 63 

64 65 66 67 68 60 69 70 71 

73 74 75 76 77 78 79 80 72 

  |    
  V    
1 2 3 4 5 6 7 8 9 

10 11 12 13 0 14 16 17 18 

19 20 21 22 24 15 25 26 27 

28 29 30 31 23 32 34 35 36 

37 38 39 40 41 33 43 44 45 

46 47 48 49 50 42 52 53 54 

55 56 57 58 59 51 61 62 63 

64 65 66 67 68 60 69 70 71 

73 74 75 76 77 78 79 80 72 

  |    
  V    
1 2 3 4 5 6 7 8 9 

10 11 12 13 14 0 16 17 18 

19 20 21 22 24 15 25 26 27 

28 29 30 31 23 32 34 35 36 

37 38 39 40 41 33 43 44 45 

46 47 48 49 50 42 52 53 54 

55 56 57 58 59 51 61 62 63 

64 65 66 67 68 60 69 70 71 

73 74 75 76 77 78 79 80 72 

  |    
  V    
1 2 3 4 5 6 7 8 9 

10 11 12 13 14 15 16 17 18 

19 20 21 22 24 0 25 26 27 

28 29 30 31 23 32 34 35 36 

37 38 39 40 41 33 43 44 45 

46 47 48 49 50 42 52 53 54 

55 56 57 58 59 51 61 62 63 

64 65 66 67 68 60 69 70 71 

73 74 75 76 77 78 79 80 72 

  |    
  V    
1 2 3 4 5 6 7 8 9 

10 11 12 13 14 15 16 17 18 

19 20 21 22 0 24 25 26 27 

28 29 30 31 23 32 34 35 36 

37 38 39 40 41 33 43 44 45 

46 47 48 49 50 42 52 53 54 

55 56 57 58 59 51 61 62 63 

64 65 66 67 68 60 69 70 71 

73 74 75 76 77 78 79 80 72 

  |    
  V    
1 2 3 4 5 6 7 8 9 

10 11 12 13 14 15 16 17 18 

19 20 21 22 23 24 25 26 27 

28 29 30 31 0 32 34 35 36 

37 38 39 40 41 33 43 44 45 

46 47 48 49 50 42 52 53 54 

55 56 57 58 59 51 61 62 63 

64 65 66 67 68 60 69 70 71 

73 74 75 76 77 78 79 80 72 

  |    
  V    
1 2 3 4 5 6 7 8 9 

10 11 12 13 14 15 16 17 18 

19 20 21 22 23 24 25 26 27 

28 29 30 31 32 0 34 35 36 

37 38 39 40 41 33 43 44 45 

46 47 48 49 50 42 52 53 54 

55 56 57 58 59 51 61 62 63 

64 65 66 67 68 60 69 70 71 

73 74 75 76 77 78 79 80 72 

  |    
  V    
1 2 3 4 5 6 7 8 9 

10 11 12 13 14 15 16 17 18 

19 20 21 22 23 24 25 26 27 

28 29 30 31 32 33 34 35 36 

37 38 39 40 41 0 43 44 45 

46 47 48 49 50 42 52 53 54 

55 56 57 58 59 51 61 62 63 

64 65 66 67 68 60 69 70 71 

73 74 75 76 77 78 79 80 72 

  |    
  V    
1 2 3 4 5 6 7 8 9 

10 11 12 13 14 15 16 17 18 

19 20 21 22 23 24 25 26 27 

28 29 30 31 32 33 34 35 36 

37 38 39 40 41 42 43 44 45 

46 47 48 49 50 0 52 53 54 

55 56 57 58 59 51 61 62 63 

64 65 66 67 68 60 69 70 71 

73 74 75 76 77 78 79 80 72 

  |    
  V    
1 2 3 4 5 6 7 8 9 

10 11 12 13 14 15 16 17 18 

19 20 21 22 23 24 25 26 27 

28 29 30 31 32 33 34 35 36 

37 38 39 40 41 42 43 44 45 

46 47 48 49 50 51 52 53 54 

55 56 57 58 59 0 61 62 63 

64 65 66 67 68 60 69 70 71 

73 74 75 76 77 78 79 80 72 

  |    
  V    
1 2 3 4 5 6 7 8 9 

10 11 12 13 14 15 16 17 18 

19 20 21 22 23 24 25 26 27 

28 29 30 31 32 33 34 35 36 

37 38 39 40 41 42 43 44 45 

46 47 48 49 50 51 52 53 54 

55 56 57 58 59 60 61 62 63 

64 65 66 67 68 0 69 70 71 

73 74 75 76 77 78 79 80 72 

  |    
  V    
1 2 3 4 5 6 7 8 9 

10 11 12 13 14 15 16 17 18 

19 20 21 22 23 24 25 26 27 

28 29 30 31 32 33 34 35 36 

37 38 39 40 41 42 43 44 45 

46 47 48 49 50 51 52 53 54 

55 56 57 58 59 60 61 62 63 

64 65 66 67 68 69 0 70 71 

73 74 75 76 77 78 79 80 72 

  |    
  V    
1 2 3 4 5 6 7 8 9 

10 11 12 13 14 15 16 17 18 

19 20 21 22 23 24 25 26 27 

28 29 30 31 32 33 34 35 36 

37 38 39 40 41 42 43 44 45 

46 47 48 49 50 51 52 53 54 

55 56 57 58 59 60 61 62 63 

64 65 66 67 68 69 70 0 71 

73 74 75 76 77 78 79 80 72 

  |    
  V    
1 2 3 4 5 6 7 8 9 

10 11 12 13 14 15 16 17 18 

19 20 21 22 23 24 25 26 27 

28 29 30 31 32 33 34 35 36 

37 38 39 40 41 42 43 44 45 

46 47 48 49 50 51 52 53 54 

55 56 57 58 59 60 61 62 63 

64 65 66 67 68 69 70 71 0 

73 74 75 76 77 78 79 80 72 

  |    
  V    
1 2 3 4 5 6 7 8 9 

10 11 12 13 14 15 16 17 18 

19 20 21 22 23 24 25 26 27 

28 29 30 31 32 33 34 35 36 

37 38 39 40 41 42 43 44 45 

46 47 48 49 50 51 52 53 54 

55 56 57 58 59 60 61 62 63 

64 65 66 67 68 69 70 71 72 

73 74 75 76 77 78 79 80 0 

[END Solution]

