
[WARNING] Value for puzzle should ideally be 3 or 4.

[Begin Solution]

[Program inputs]
ALGORITHM => A*
GAME => 35 puzzle
INPUT FILE => /Users/prasoon/Documents/books/AI/AI Assignment 1/test/in_1.txt
OUTPUT FILE => /Users/prasoon/Documents/books/AI/AI Assignment 1/test/out_1.txt
INITIAL STATE: 
[[2, 3, 10, 9, 5, 6], [1, 8, 4, 11, 12, 0], [7, 14, 15, 16, 17, 18], [13, 19, 20, 21, 22, 24], [25, 26, 27, 28, 23, 30], [31, 32, 33, 34, 29, 35]]
FINAL STATE:
[[1, 2, 3, 4, 5, 6], [7, 8, 9, 10, 11, 12], [13, 14, 15, 16, 17, 18], [19, 20, 21, 22, 23, 24], [25, 26, 27, 28, 29, 30], [31, 32, 33, 34, 35, 0]]
HEURISTIC:  Manhattan_Distance
MOVES: 
L L U L D R U L L L D D D R R R R D D R 
PATH LENGTH: 21
NODES EXPANDED: 49
EXECUTION TIME:  0 seconds
TRAVERSED STATES: 
2 3 10 9 5 6 

1 8 4 11 12 0 

7 14 15 16 17 18 

13 19 20 21 22 24 

25 26 27 28 23 30 

31 32 33 34 29 35 

  |    
  V    
2 3 10 9 5 6 

1 8 4 11 0 12 

7 14 15 16 17 18 

13 19 20 21 22 24 

25 26 27 28 23 30 

31 32 33 34 29 35 

  |    
  V    
2 3 10 9 5 6 

1 8 4 0 11 12 

7 14 15 16 17 18 

13 19 20 21 22 24 

25 26 27 28 23 30 

31 32 33 34 29 35 

  |    
  V    
2 3 10 0 5 6 

1 8 4 9 11 12 

7 14 15 16 17 18 

13 19 20 21 22 24 

25 26 27 28 23 30 

31 32 33 34 29 35 

  |    
  V    
2 3 0 10 5 6 

1 8 4 9 11 12 

7 14 15 16 17 18 

13 19 20 21 22 24 

25 26 27 28 23 30 

31 32 33 34 29 35 

  |    
  V    
2 3 4 10 5 6 

1 8 0 9 11 12 

7 14 15 16 17 18 

13 19 20 21 22 24 

25 26 27 28 23 30 

31 32 33 34 29 35 

  |    
  V    
2 3 4 10 5 6 

1 8 9 0 11 12 

7 14 15 16 17 18 

13 19 20 21 22 24 

25 26 27 28 23 30 

31 32 33 34 29 35 

  |    
  V    
2 3 4 0 5 6 

1 8 9 10 11 12 

7 14 15 16 17 18 

13 19 20 21 22 24 

25 26 27 28 23 30 

31 32 33 34 29 35 

  |    
  V    
2 3 0 4 5 6 

1 8 9 10 11 12 

7 14 15 16 17 18 

13 19 20 21 22 24 

25 26 27 28 23 30 

31 32 33 34 29 35 

  |    
  V    
2 0 3 4 5 6 

1 8 9 10 11 12 

7 14 15 16 17 18 

13 19 20 21 22 24 

25 26 27 28 23 30 

31 32 33 34 29 35 

  |    
  V    
0 2 3 4 5 6 

1 8 9 10 11 12 

7 14 15 16 17 18 

13 19 20 21 22 24 

25 26 27 28 23 30 

31 32 33 34 29 35 

  |    
  V    
1 2 3 4 5 6 

0 8 9 10 11 12 

7 14 15 16 17 18 

13 19 20 21 22 24 

25 26 27 28 23 30 

31 32 33 34 29 35 

  |    
  V    
1 2 3 4 5 6 

7 8 9 10 11 12 

0 14 15 16 17 18 

13 19 20 21 22 24 

25 26 27 28 23 30 

31 32 33 34 29 35 

  |    
  V    
1 2 3 4 5 6 

7 8 9 10 11 12 

13 14 15 16 17 18 

0 19 20 21 22 24 

25 26 27 28 23 30 

31 32 33 34 29 35 

  |    
  V    
1 2 3 4 5 6 

7 8 9 10 11 12 

13 14 15 16 17 18 

19 0 20 21 22 24 

25 26 27 28 23 30 

31 32 33 34 29 35 

  |    
  V    
1 2 3 4 5 6 

7 8 9 10 11 12 

13 14 15 16 17 18 

19 20 0 21 22 24 

25 26 27 28 23 30 

31 32 33 34 29 35 

  |    
  V    
1 2 3 4 5 6 

7 8 9 10 11 12 

13 14 15 16 17 18 

19 20 21 0 22 24 

25 26 27 28 23 30 

31 32 33 34 29 35 

  |    
  V    
1 2 3 4 5 6 

7 8 9 10 11 12 

13 14 15 16 17 18 

19 20 21 22 0 24 

25 26 27 28 23 30 

31 32 33 34 29 35 

  |    
  V    
1 2 3 4 5 6 

7 8 9 10 11 12 

13 14 15 16 17 18 

19 20 21 22 23 24 

25 26 27 28 0 30 

31 32 33 34 29 35 

  |    
  V    
1 2 3 4 5 6 

7 8 9 10 11 12 

13 14 15 16 17 18 

19 20 21 22 23 24 

25 26 27 28 29 30 

31 32 33 34 0 35 

  |    
  V    
1 2 3 4 5 6 

7 8 9 10 11 12 

13 14 15 16 17 18 

19 20 21 22 23 24 

25 26 27 28 29 30 

31 32 33 34 35 0 

[END Solution]

