
[WARNING] Value for puzzle should ideally be 3 or 4.

[Begin Solution]

[Program inputs]
ALGORITHM => A*
GAME => 35 puzzle
INPUT FILE => /Users/prasoon/Documents/books/AI/AI Assignment 1/test/in_7.txt
OUTPUT FILE => /Users/prasoon/Documents/books/AI/AI Assignment 1/test/out_7.txt
INITIAL STATE: 
[[1, 2, 9, 3, 4, 6], [7, 15, 10, 16, 12, 18], [13, 8, 22, 11, 0, 5], [19, 14, 20, 23, 17, 24], [25, 26, 21, 27, 28, 30], [31, 32, 33, 34, 29, 35]]
FINAL STATE:
[[1, 2, 3, 4, 5, 6], [7, 8, 9, 10, 11, 12], [13, 14, 15, 16, 17, 18], [19, 20, 21, 22, 23, 24], [25, 26, 27, 28, 29, 30], [31, 32, 33, 34, 35, 0]]
HEURISTIC:  Manhattan_Distance
MOVES: 
R U L D L U L L D D R U U U R R D D D L L D R R D R 
PATH LENGTH: 27
NODES EXPANDED: 64
EXECUTION TIME:  0 seconds
TRAVERSED STATES: 
1 2 9 3 4 6 

7 15 10 16 12 18 

13 8 22 11 0 5 

19 14 20 23 17 24 

25 26 21 27 28 30 

31 32 33 34 29 35 

  |    
  V    
1 2 9 3 4 6 

7 15 10 16 12 18 

13 8 22 11 5 0 

19 14 20 23 17 24 

25 26 21 27 28 30 

31 32 33 34 29 35 

  |    
  V    
1 2 9 3 4 6 

7 15 10 16 12 0 

13 8 22 11 5 18 

19 14 20 23 17 24 

25 26 21 27 28 30 

31 32 33 34 29 35 

  |    
  V    
1 2 9 3 4 6 

7 15 10 16 0 12 

13 8 22 11 5 18 

19 14 20 23 17 24 

25 26 21 27 28 30 

31 32 33 34 29 35 

  |    
  V    
1 2 9 3 4 6 

7 15 10 16 5 12 

13 8 22 11 0 18 

19 14 20 23 17 24 

25 26 21 27 28 30 

31 32 33 34 29 35 

  |    
  V    
1 2 9 3 4 6 

7 15 10 16 5 12 

13 8 22 0 11 18 

19 14 20 23 17 24 

25 26 21 27 28 30 

31 32 33 34 29 35 

  |    
  V    
1 2 9 3 4 6 

7 15 10 0 5 12 

13 8 22 16 11 18 

19 14 20 23 17 24 

25 26 21 27 28 30 

31 32 33 34 29 35 

  |    
  V    
1 2 9 3 4 6 

7 15 0 10 5 12 

13 8 22 16 11 18 

19 14 20 23 17 24 

25 26 21 27 28 30 

31 32 33 34 29 35 

  |    
  V    
1 2 9 3 4 6 

7 0 15 10 5 12 

13 8 22 16 11 18 

19 14 20 23 17 24 

25 26 21 27 28 30 

31 32 33 34 29 35 

  |    
  V    
1 2 9 3 4 6 

7 8 15 10 5 12 

13 0 22 16 11 18 

19 14 20 23 17 24 

25 26 21 27 28 30 

31 32 33 34 29 35 

  |    
  V    
1 2 9 3 4 6 

7 8 15 10 5 12 

13 14 22 16 11 18 

19 0 20 23 17 24 

25 26 21 27 28 30 

31 32 33 34 29 35 

  |    
  V    
1 2 9 3 4 6 

7 8 15 10 5 12 

13 14 22 16 11 18 

19 20 0 23 17 24 

25 26 21 27 28 30 

31 32 33 34 29 35 

  |    
  V    
1 2 9 3 4 6 

7 8 15 10 5 12 

13 14 0 16 11 18 

19 20 22 23 17 24 

25 26 21 27 28 30 

31 32 33 34 29 35 

  |    
  V    
1 2 9 3 4 6 

7 8 0 10 5 12 

13 14 15 16 11 18 

19 20 22 23 17 24 

25 26 21 27 28 30 

31 32 33 34 29 35 

  |    
  V    
1 2 0 3 4 6 

7 8 9 10 5 12 

13 14 15 16 11 18 

19 20 22 23 17 24 

25 26 21 27 28 30 

31 32 33 34 29 35 

  |    
  V    
1 2 3 0 4 6 

7 8 9 10 5 12 

13 14 15 16 11 18 

19 20 22 23 17 24 

25 26 21 27 28 30 

31 32 33 34 29 35 

  |    
  V    
1 2 3 4 0 6 

7 8 9 10 5 12 

13 14 15 16 11 18 

19 20 22 23 17 24 

25 26 21 27 28 30 

31 32 33 34 29 35 

  |    
  V    
1 2 3 4 5 6 

7 8 9 10 0 12 

13 14 15 16 11 18 

19 20 22 23 17 24 

25 26 21 27 28 30 

31 32 33 34 29 35 

  |    
  V    
1 2 3 4 5 6 

7 8 9 10 11 12 

13 14 15 16 0 18 

19 20 22 23 17 24 

25 26 21 27 28 30 

31 32 33 34 29 35 

  |    
  V    
1 2 3 4 5 6 

7 8 9 10 11 12 

13 14 15 16 17 18 

19 20 22 23 0 24 

25 26 21 27 28 30 

31 32 33 34 29 35 

  |    
  V    
1 2 3 4 5 6 

7 8 9 10 11 12 

13 14 15 16 17 18 

19 20 22 0 23 24 

25 26 21 27 28 30 

31 32 33 34 29 35 

  |    
  V    
1 2 3 4 5 6 

7 8 9 10 11 12 

13 14 15 16 17 18 

19 20 0 22 23 24 

25 26 21 27 28 30 

31 32 33 34 29 35 

  |    
  V    
1 2 3 4 5 6 

7 8 9 10 11 12 

13 14 15 16 17 18 

19 20 21 22 23 24 

25 26 0 27 28 30 

31 32 33 34 29 35 

  |    
  V    
1 2 3 4 5 6 

7 8 9 10 11 12 

13 14 15 16 17 18 

19 20 21 22 23 24 

25 26 27 0 28 30 

31 32 33 34 29 35 

  |    
  V    
1 2 3 4 5 6 

7 8 9 10 11 12 

13 14 15 16 17 18 

19 20 21 22 23 24 

25 26 27 28 0 30 

31 32 33 34 29 35 

  |    
  V    
1 2 3 4 5 6 

7 8 9 10 11 12 

13 14 15 16 17 18 

19 20 21 22 23 24 

25 26 27 28 29 30 

31 32 33 34 0 35 

  |    
  V    
1 2 3 4 5 6 

7 8 9 10 11 12 

13 14 15 16 17 18 

19 20 21 22 23 24 

25 26 27 28 29 30 

31 32 33 34 35 0 

[END Solution]

